dmin	dmax	rv	rv_1	rv_2
0.0012516632933820503	0.0035398066663209164	norm	0.6219703974010056	0.12542721640500148
0.0035398066663209164	0.005827950039259782	norm	0.6186542076061708	0.13131263242917812
0.005827950039259782	0.008116093412198648	norm	0.6052160008226958	0.12672597465928204
0.008116093412198648	0.010404236785137513	norm	0.6002952516418144	0.12837736593676233
0.010404236785137513	0.01269238015807638	norm	0.5973606790496909	0.1264369347634477
0.01269238015807638	0.014980523531015245	norm	0.5881249752338424	0.1274116717592316
0.014980523531015245	0.01726866690395411	norm	0.5892791731927859	0.12297687396922244
0.01726866690395411	0.019556810276892978	norm	0.5725691557687389	0.11824229751346639
0.019556810276892978	0.021844953649831845	norm	0.5862758049568498	0.1245485039807949
0.021844953649831845	0.02413309702277071	norm	0.5348358253678488	0.09968320396007896
0.02413309702277071	0.026421240395709575	norm	0.5293759794690714	0.07796406227337377
0.026421240395709575	0.02870938376864844	norm	0.5387518676056294	0.0651126202938743
0.02870938376864844	0.030997527141587308	norm	0.48200899459177055	0.07578376645938144
0.030997527141587308	0.03328567051452617	norm	0.5191422897547242	0.0428743803627871
0.03328567051452617	0.035573813887465035	norm	0.536181543158044	0.056098627285704965

