dmin	dmax	rv	rv_1	rv_2
0.00044944966347745775	0.0011590569704978237	norm	0.34927935773289787	0.08995949430905037
0.0011590569704978237	0.0018686642775181898	norm	0.37859771678445675	0.12815406371558408
0.0018686642775181898	0.0025782715845385556	norm	0.3601783139050966	0.13834184252142315
0.0025782715845385556	0.0032878788915589215	norm	0.32594839724199787	0.12894087663510675
0.0032878788915589215	0.003997486198579287	norm	0.2900432862566421	0.1281357232676911
0.003997486198579287	0.004707093505599654	norm	0.2810396382819944	0.1503576583188602
0.004707093505599654	0.00541670081262002	norm	0.32549714909033295	0.12832010703957417
0.00541670081262002	0.006126308119640386	norm	0.27636361356559686	0.0998009857149221
0.006126308119640386	0.006835915426660752	norm	0.32084278785933823	0.08389763605582655
0.006835915426660752	0.007545522733681117	norm	0.3647962653538895	0.1722482249547851
0.007545522733681117	0.008255130040701483	norm	0.38538040109352867	0.0063356894921358375
