dmin	dmax	rv	rv_1	rv_2
0.0006435139858620013	0.0024401979393142608	norm	0.6861243739760692	0.1313132924180586
0.0024401979393142608	0.00423688189276652	norm	0.7252738957128599	0.15455436523050908
0.00423688189276652	0.006033565846218779	norm	0.737768133903157	0.14770013153599118
0.006033565846218779	0.007830249799671039	norm	0.7037908884359073	0.15128629193643095
0.007830249799671039	0.009626933753123297	norm	0.6767319448504386	0.11407774583883504
0.009626933753123297	0.011423617706575557	norm	0.6535768193758604	0.10570599320158813
0.011423617706575557	0.013220301660027817	norm	0.6225292874998879	0.12511520014791241
0.013220301660027817	0.015016985613480076	norm	0.5027807541675314	0.04087122136235632
0.015016985613480076	0.016813669566932334	norm	0.4767571560982624	0.023768655078645846
0.016813669566932334	0.018610353520384593	norm	0.5236061114473581	0.05505790236197973
0.018610353520384593	0.020407037473836855	norm	0.556776291602823	0.07848302237235825
0.020407037473836855	0.022203721427289113	norm	0.5053385693529714	0.0178006796917254
0.022203721427289113	0.02400040538074137	norm	0.49828590603031564	0.025555100798899125
0.02400040538074137	0.025797089334193633	norm	0.5172166896380976	0.024354388021055343
0.025797089334193633	0.027593773287645892	norm	0.53797314943637	0.01339046405587134

