dmin	dmax	rv	rv_1	rv_2
0.0003745413862312148	0.0013215399412734572	norm	0.7595191928567082	0.1127782833199346
0.0013215399412734572	0.0022685384963156995	norm	0.7493243369230931	0.12829047487871698
0.0022685384963156995	0.003215537051357942	norm	0.777156577307436	0.12136586434682424
0.003215537051357942	0.004162535606400184	norm	0.7928144408550627	0.10982045616598533
0.004162535606400184	0.005109534161442426	norm	0.7954117509152646	0.1026664212925856
0.005109534161442426	0.006056532716484668	norm	0.7941333134211107	0.09510138551250484
0.006056532716484668	0.007003531271526911	norm	0.7715998295808236	0.11273073043325928
0.007003531271526911	0.007950529826569153	norm	0.7567961565101661	0.07931321278488436
0.007950529826569153	0.008897528381611395	norm	0.7105259190403044	0.08804662288937294
0.008897528381611395	0.009844526936653638	norm	0.7169512208640751	0.029716182844708002
0.009844526936653638	0.01079152549169588	norm	0.6392341526393279	0.06675414550722396
0.01079152549169588	0.011738524046738122	norm	0.6363297672827215	0.018754971087504735
0.011738524046738122	0.012685522601780365	norm	0.657841145571133	0.04572557584695158
0.012685522601780365	0.013632521156822607	norm	0.6646544097981852	0.03541894783403077
